13383682 1011100010101100100001111100000111011110001010010100011011010101111100111111110001100010111001100011100001110001100011100100101111111001111101001011111100111100110111101101101111010000100101100111110110111110110101101011111111000010110000001111001111111111
8087534 0110000011001111010010100000001010010000001000001010100110010001010010111010100000110100000011110000111100000110101100100011010010000010011000001001001010000010100100110111010010111011001110100111110000001100011101100000000100011010010100000111111110000010
69790975 0101001110011010010001010100100110111101100110110001100011111100111011011100010111100011000001111001111111110100011110011111011001101111000101110010000000000011100101001101010101011011001100011100010001001111001011010100010100010001100011010010110100010011
70130080 1010001100111110110100000010111000101111110011101011111100110001000100101011111100000111111111101110100000100000011000101000111101010000101101110001101100111000111011010001100100101100111110110011001110101110110111101110100001011111111111001011001011110101
2175024 1111100011100001000001101111001110010010001111000110111010000001111101010011000010111110010001010101011001111111100110111101100011100110110011001111110111010001000111111111011010010110100111110101111110111001111100100010001001111101011110000000110100000011
4166185 1101100111111011110011100101111011100000101110101101100000100010100111011111000000110101011000001111000001100001011101111110101010010111000101110010110010111011001111110110111001011101101001110011100001111110110111101111111101111100101010010111111100111011
4691307 1111011111111000000111111011101010010100011000010010100111100000010010101010110110001011101010111110111010101110100110101001110111101100111010001111111101000010000100110010111010101110101110101111101010011010111010100000010001101010011111001000110001000110
38889728 0110000100101010101001001010010100111011011010000001111101001110001010011010100100001000000001100001001010000110110010010111000100100110010011011111101110000110111010010101011100111110010111011101111101100001101001110001000010000011011101111001000101010010
1105394 1101101000000010000101000011010110001110011100100100100000000010011100101111010100011100010000100100000000001000000001011101000010001111010000001010010101101000101000101110110001001101000000010010001000111000010110101101111101000000101010100000011000100010
13211247 0101000100010111011011110100010100111101101000001111000110101000111010011000100010011001000011010001010111111000111011011011101101111011101011111101001000001110000110001111010111111011111110001101000101000111101010011101000100000111110101111001010011110010
13887265 1101011110111000110110011000111000101111011111011001111101101110100110010111101101011001111000001111001110011010011011001100101110101011001111110110101111110111111010110100111000101010011111111001000111100011101001011101111110001100110101111010010101111101
12970487 1111110111011111011111010111011011110111111101110011110110111001111101010101110111101111100111111101110111111110101111011111110101000110011111111111111111111101101110111111111110111111110111010101111111110101111110111101001011111111111111100011110111101111
6634748 1011001001111101001010101001000000001010011011111011101100110111101000001011010000110111111001111110001100000100110000001000011000010011010100101010001011111001011011110001010000101101001100100001101110011001011010001111111011111010101000001111111111001101
12176245 0010100001110001001001010010100010100100110100000111101011101000111101010000111001000010000001010000011010011001100001111010000101011100010111001000000001000011000111100110011010010010111000110100010101010011000100010100111000000101111111100000000000000010
6435082 0111000011101110110100011110110111010110011111011111111101111111010101011110101111100111111111100111001011101011010111100101111101010001111101011001111111111110111111011101101111111101100111111111100110101010110101111111101100011110010011001111011101111111
150504 0000011100101101100000100000111011001101110011011001011101111111100010000110001000010011111110100110100101000000010010001010101100111011001100110001101110111110010101010000100001100000011100001011000111000111000011011001100010111010101100011011000111111101
48837774 0000000000110011000101010010010011010101100100000000010011000000011100001110000110100000000110100001010010101111001101010111000011001111010001110011000000001110100111000110101100010110100000010101000000011100000011110001000101100001101111100100101001100010
13365191 0001110100111110110111001111111011110011001011101100111101110011101101011101111001100001111100001111101101101001011011111000010111011011101111000101111011111101001111111111010100110111010011111100111100111010101011110011110100110101100011110011101001100011
2631828 1011011110111110101000111000100111001111100101011011111101011100111110100110010001001011101000100111010111110011010110100100111101111001101101110111101010111100111101100101111001000000001100101111000111100001101001011100110010001000001001011101011110011101
50714053 0101110110101001111001011000110000101111011010101101111100000111001000110111010100011001111011100000111101011100000011010100000110100001010101111000100111101110111010111100011101111100100011011010001001110011111111110110111110000011101011111111010001010000
9723812 0011100100001010110000010100110001000000000010000100110000010100010000001010110000100011011101100010000001100001010010101000001111010001101001010000000000011000100101100101100101000000000100100011000100101100010001100011110001011100000010001000010010100001
12492058 0001110010100100011101010001111011011000001111110100111111010111011110000111110101110100001100000011101001011001001001010000111100101011000101011000010011110001101010101101100110110010000001000010110111110001100001001111111011110000100000010000011000001100
77128086 0110010001100010000110010110001011010000010100000010010011100000010111001001101011000000000100010100111010001010001011000001110100001010011010101111101000000001000000100011101110100011011100000100010000001010000100000000000000111110010101000000010001000010
10352765 0010000001000111001011101111001001010101010101010011010010001000110000101000101110011110100111010001110110101111100100010011110101001000111110001101111101011100010110010010101011111011110110001101001000011100011110011000001100001111110101101100100011000110
5748646 0111010011000111011110111100010010000100001000110011000110001000011100100100010011111000000001110000010101010001010100000101001001101000100111111000010100000011100100100101000011011001001011000110000100001101011111101100100110110101100011100001111010010110
11831564 1000000000110000000010000000010000100010110100100101010000000001001101010001000000000100100000000000010000000000001001010000000100000000000000000000100000000100001010110010001000010000100001100000001000000000100100001101011001000000001110000110000001001000
14991378 0101011110001000110010100000110000101111010000111001110100000110001010110110010001001011110110111110101100011000010011001000001110000000000001110111001101100100111000011000000001001000011101111000001111100001100001010111110110001001101001011111010101110001
34660198 1000001100111000110101001000110001000111011101010101110000101010000100000001101001000011111000000111000010111000011001111000101100100000011100111100101110110110111010110010101000101000110101101110011011110010100100010000110010000000011101111000010101111110
56536651 0111010111110111001111111000001010011111011100010011010001011111011011110000100110110101000011111001111100001110101110101011100011101011010010001101111111011111011110011011110110111011110111001100011100010101111010011101000101111111101111100100110011001101
931700 1000000000000100111000010001011000000100100001010111000000101000110000001101101000010110110111000001000100101000010011011100100101000011001001010101100000111010110010011101010100000100000011011001100100000001101001111001101100000000010001110001000100111010
13926299 1011100010000000000001100001001000011100000001000100111000000100110100100111000001011000000000000010000010000001000001000101101100000000110000000010111001000110100001100110000000000000000000100111000100010100010000100100111001000000010000101100001010001000
54969313 1001011110111111110100000100111001101100010011100100110000110110010110101011011001010011111110101110000000100001010001001000111111000000101001110000011100111100111001100000101100100000000101100011100011101100110001001111110111001000111010001001011111101101
4263916 1110000101110110111100001011011010111011110101010101010000101001100100100110001011001110110110001111010000101110011101010100101100000110011101010000101010111111011010011011100010001000110110100111101110100000100100111001000000000000010001111111010111111101
49804005 0101010111101011110111001011100010110000000110101100000000000011101111010000000110011011011110001110011011000100001100100101001001000000000011001000110101000001000001101001000100110000101001010000000000000010100010101110110101011001001010000010001001000000
48347256 1100111011101001101010001000100010100110100110111101111001100011101111000001111100101011001110011110111001010000100101101100010010111100000100001010010111100011010001111000010001001100001001011110001001010011000111100100111001000011001111000011100000000000
53315489 1001010110111000101111011010101110100000001010000000001111111101101101000100110100001010001000001010101010111110010110100010110101110001000111010000010001100101111101101011010000010010001110011000001101100010100100100000110000110000010010010010001000100001
50876352 1101001011011111110101110010100111110100101011101111101110001001110001110100101101001010011001011110110111111101010100101110101101001110011111110100000111000011101001111111000110111000100110111101110111100111011111100000111001110101011110101000011010111001
7420406 1101100010010100000010111101000010001100001111110100101000000010111100110111010000110000000001100000101000000001100011001000001011011001110001001010010001101001000101101001010101000001000001000001000000011001110000000101111111100000100001000110111000101001
7223082 0111100101111111111110111011001101011111111001111111010111111111011011111110111101111110111111001011011100101111110111101111101111010011111111011101101111111111111111111101011011111100111111111101111110110100111111111111001110111111110101111111111111111111
33718729 1111110011000011010111101101100010010000100110101111100010100001111001110001010110000110100001110110111010000100100100101111010001001100110010101011011100000011000101101110011010101111001011100110111000011001011111110000110011000001011111100111111000011010
70450743 0100111100101010101011110010010110101111111110111011110110101101101000010100100100101001001110011110011101010100111110010111100110110111010010101111110101001101111010100010011001111101111111011100001001000011110101100100111010000011101110100011001011010100
6122193 0000100000100011001111010101100011000100101100101100001000000010100100000100010011010100011110100100001101000001001001000010010001011111000010101000010000001001000001101010100001000101001000010000100000011110010011000110110001011111100010000000001010000000
6827729 1101101100011110110001110101011111111100111111111011101110111011110011010111101111111011110001110001000111111111111111111111101100111111111110110111011111111111111111101111111101011111101111111101110111001010110111101001111010110110011101111011011110011011
52179735 1111100000000000000101000000011011000110011100001010100000100010011010101101000000010101100100101000001000001100100001001011010010001111010010100111001010000011110100000000110001001110000000000011101000011100011011110001100000010000001000000001001110101010
50648327 0100001000000010110110100000000000100011100001101011000100101001000011010000000000010100000011001000001100001110101110011011000011010110001010000111000110011011001010011100000000011111111110001000000001000010110011010000000110011111001101010011100100110001
41133812 0010000100101110111001101011011000011111110001011011011101011100101100101110011001001011000110010101111111100000010001010100101101101010111001110111101101111100110111010011111100110000010111011111101111010001100000011111100010100101101101111100010111010111
8652020 0101100100011110110101011100111011111101001111110101101110101110111100011110111011111111011111000111001011110001110001011000101101101011111011011001010111101110110111101101010110011001000011011010000101110011111110001101110101100100100011111001011001111110
2967110 0111011011000011010010100110001000110000010101010010010010101001010011011000000110000100000011010001110001101011100110000001101001001010001010001101100101010001000000110111000110011010111110101100110000000101101100001001000001101111011111010000000001000100
7451128 1111011101001101011111011011110000101111110101110111000010101101001010010000100110101111111011111001010111111110011110011111001101101111011001110101101111010110111110011101001111111111110110011101011111100101111011110101000111110111111101111001110111110111
7704409 1110011100101010110100101010111000101110110000001111110101110111000110101110101001011011110010010110010101000000010001100001111100000000001101111101101100111110111001110000101000100000111111101110000111100010110101100101110000001111011111011001000111111110
5345254 0001011001111101101100101100111010100111100110101101011101111011111111011110001110100001011110101110100111110101011111101010111001011110101100111001101110101111011101011000100100101010111011101000110001001011100111011100111101010111101111010111011101111010
10821414 0010010111111001101010001111100010110010111111101011001111111111100111010110100100101100111111001110000101010101111100100100101100010001101000001011110111111101011111110001101101111101111011110000110100100010110110101110011111001110001010000111101011000101
1848958 1101100001000000000001100110110001101100001100011100100000100001010000100111001101111011010001111000000011000000000001100010100000100110110000110011010110101000101001001110100001001001000100000010001001111101111100100111111110000000111010111000001110111000
43233909 1100000100000100101000010001010000000010100001010011100000001001000010000100000000011000000000000001000000001010010111001100001100000011010000010100100010110110010010011101010011000000000011001101101111000001101000111001100000100000010001111001010100001001
9874096 0011010011010111000100010110111011010000010001010010111011110100010111101001111111000011100111110110111010111011110110000011110110101100111010111111111101000010110100110110111110100110010101001111110111101100011100010001001001110101011101101000001001100110
9288829 0011110011000111010100100101001011001000011101110010000110010001010110101011000011010100000111110010111100001010001000000011110000000010101100010011011010001000110000111011100111100010000010000010100010000101111100011000011001101010100100011101001111111101
9012830 0000000000000000001000001000000001010000000000000000011001110010000000000000101000000010101100000011000000100001000000000000010000000000001100000000010010100000000000000000100000000000010000000010101000010000000000000000000000010000000000000000000001000111
33858919 0001000100000011000001000110111000000100100000000000101000000000000000001001010010000000000000101000100000000000000000011010000000001100010010100011000100000000001000100010000000011100101000000100000001001110010011010000010001101101111000001100011010100010
5420414 0001110000111111110110100100110010100100001101111101110100100010011100011111011001010001011101101110101000000000011001001000101110000001101001111001011011111101111001100100100000001001011001100011000011100010110000001101110101101100101001111001011010100110
14413365 1111100011001011000111100111001111110100111110100011101110101011110001010111100111111100100101111010111011000110101110111111111010101111111010001111111111001011101111111111101011111111101111000110110100011110011011101000011001111011011110101110111110001010
13385216 0010100001000010000010100100001000011000000000001010000010110001010011001010000000110100000001110000110100000001101100001011010000000101000010001011001000010000000010010000100011001011001100000011110000001101011010011011000010010000100000000111111111000011
3450379 1011100001111101101000101000101110100110111110111111111101111011110101011110011101101110011000011110101010001111000110100110101100000101110101011000110011111001111011111111110001010000101111110011101100110100110101101101110100101110001100100010011011101101
7858401 0010100101101000101010001001000000010011001001111100111101010111101011010001100100111101101101001000101100001011101111111100010010111001100101001000110011111101001111011111011011110101110011111110111100110010010010111111101011110000100000000110100101000001
9326383 0100010110001001110010000100110000101101100010101000000100011100001010011010010000111011001011101100100101010000111100000010101000000010000001010001000000011101010101010000001001011100111000100000010001000101110001001100000111111100011011010001010000100000
7636547 0111011111001001000001111110101111010100010001000010100010100000110000101001111110001010100011010110111010011110100110111001110010101100111010001111011101000000100010111010001110101111010111001110101010011001011000010000001010000011010100101000110011110110
70010595 1010011111111000101110010110101100100011100111101011111100010100101111001010011011000111111111111110110101111001011101101101011111010001101110101111100001111111011111010001101111101111111100100001011101111111001111011110000111011111111111010101100011010101
9295209 1000011100010111111100001010111101011011010001010001110101111110000110001110111001000010110111000111000010111101111001010100101100100011101001010101101010100110111010010110111110011000110111001111111111100100100101010011101110110100010111111000010101101110
5727376 0001011110000111011111110010110011011001000000110010100111110101000010001100110111111011000110101001001011110000011111010011100000100010011011110100011010000110100110001010000100101010011010011100000111100001101001110101000000111001001011101011110010010010
768279 1100000001011111001010100101001100000001111101110001000110001000100001010001000001110100000110011000100100001010101101011000001000010010000010000000000011011001001010101100110001111001011010010000000100010100110110101001000110111110100000010111111110000001
48152788 0111010011010111001110110110011010110001101101010010000110011001010111100010001011111110000011011011110110111110110100110011111101001110011010111101010000000001010100110111011110111011111110000101010100001101111110101000000101111111111111010011111110100111
9261525 1100100010101101100101111001010111111010000010111100101000000010101100110111011110111101010111111001001010010110101000110100001010110011110101000010011111101110110010010010110111010101100011010011001101110000001000101011101110100000101000101111001111011000
6745909 0100000100010110001101110000010100011101000000011001000000011000000010000000000110000000000011101001000111000000011010000011000000000110000011110001000000000110000100001000000001001010010010001000000001000101001000010100000110010001100011011001000001010010
12229094 1101011111010001000101111111010110111000100110100000001011001010011111110010010110101100000010111100110101010110001100100101010010110110110000110010100100100001100001100111111101010011101001011100000001010001101111100100011001111011001111010111110001011000
6822995 0101110011010110010111001111011010110011111011100110001110000000011111010100111111110101010011011100000000111110111101011001000111000010111111001110000101000101001010111110011110110010100011110100110101110000101000001010100011110101011111011101111100100000
10051245 0101110110111111011111110001011110011101101000111010000111001100111010011110010111111001000101100001011101011011111100010111001010111011010001110001000111001101000111000110010101111111111011011101000111000101001011111111000110111101111101110101110110010011
12283127 1000111111111100111110011011001101010111000111111101011101110111101111100001111011100010111110011111100011100011101111101000011011110001101100001011111011111100010101111110100001000110111001101111111010111000001111111110101011010011000011010110100111011111
32171605 1001100000101001110001100101000111011010101111100101111011010011111101000111010101101011111000111010110111010001001011110100111000011101100111011010011011111101001101101111100001010101000001110011100100011011010001101111111001100000100000001110011100011001
34376220 1000101101100100101000001001010100010011001000011101110000111001100000100000100101000010111011001011000000101001000011010100010110100000000101010000100010100100001010011110010010000000110001011111101110110000101100010011001010000001100000010010000101011011
50996164 0011100001100000000001000110001010000000010100000110001010000000011111001000000010000100000000010000011010100011100110000011000001001100000010001101000000000000000000010011000010000010000001000101110000001101000100000000000001100101100100000000000000001010
6121656 0110010011011110100010010110001110100010101011100101011111001000111101011110101110101111000011010100110101100111110110110101111101001000110110001110001101001101100100111100011111111101100011111100010101100111101111001100001001101111101111010111100001000000
8602316 1110101101110100101001001010011000110010110100111101110000110111101001100101001111001100110010110101010111101110111101011111100110000110110110110101101110101110111010011010101011001100101010110111111011111011101100111000001110001001111111101111000101011010
55554418 1111100011110011000001110111101110010000011110010010101010100000110101100101011011001010100000110100111010000011100000100111110000111100110010011011011101000000100000100110100010001011001111000110111101011001010100100000010011100011110111101100111010000010
5243156 1111111111101110110111101110110000101111111111101111110100000111101001110111111111111101010111111100100101111000110111111101111011010101110101011111100111111110111111111111110111111111100110111110111101110111111111111110111111001111101111101111110111110101
3465316 0100011100010110111100000101010100011111110000010001010100101010100000101111111011001001110110000101000010101000011001011000101110000010001001110100001000110110111010011000111010101011110010101000001011110000100000011001001100000000110001111101010101110110
9835711 1000011100101110111100001010111001101111010011111011010101110111000110101010001010010011111110001111010000101000011011001000111110010010101100110011101110111100011010110010101101100100011101101010101111101010101101011010000010001111001100001101000111110101
528045 0000011000101110111100101000110000001111110001011101111101111100001110100110001011000110111010000111001101111001010001000100111010100010001100110100101010100110111001110110001000101000011101101111101011000011100101011000111010000000111101011011001101111110
34219050 1101101100110111110001110101111111101100111110101001101010110111110110111111010010011001111100110111111111110001011001111010101100111111101111110110001011111011111001100001000101001001001101010011110001001111110101100011111101110010101011011111111110111011
49029235 1111000001100001101110001010001111010011110100001111111110111001100101110000101101100101110010011110111000111111101110011010010000000000100111101111100010110001001011111011010010010010110111100111111100011010011100010110000001011000011110000010000101101111
14158409 0100000110100010100110010010010010000010100010101101110010001101001010000101100000010011100101000101011001001100010001011111100110000000010100101001100111000101010000010110011000101000010010011100001011000011100010110100111001110001011111011100010001011010
49952354 1011011111111111110100101111111101001111011101010111011101110111100100101111111001000110111110010111100110111001010001000001111111000010101101110111111101111101111001111010110110100000011111001011101110111000111110011111101110111001110101111111011111110111
10616189 1111000110110111110111110111111111110011011111011100000010001010011111101001011010011101111011100101100000001110101110110101100110110110011110100100101100010111101010111001111110101111111111111001001011100011111110111010110100101100011010111111111001111001
820854 1010100101111111111011101001001111010011101111101111011111111111100111011100101100110111111111001111110101100101101111100110001001011001111111010000110110111101011111011111011111110101110111111001101110110010011110111111101110111110010100000011111111011101
8117930 1001110010111000101011011001101111111100001011101100111001110100100111010011100100110010111101001011100011110001101010111100001101111001101100001000110011111011001111010101101101100100011001101010110000010100000010101110111101010000000010010110101011001101
11252143 0000100010000101110000010000110100000100100001011101000000011100101011000101011000100010001001000000100101011000000000000010001100000011000000110000000000000100110110001100000000010000111110000011010001100101000101100000101010010100110000010001001100111000
14495940 1100011111011101011111011011101111110100100011101001001111110101100011100111111110101111111111001111110111110111011100111110011011111100101110100000011011100011000001101110011011111011111000101110011100011111000111101010001011110111011010010111110011011001
4162420 1100011110011111101110001011111101100111110011101111111110111010001011111011001110110100111010001111110100111111111111111001011111011110101100000110101010111111001011010110111001101110111001111001011010111111100111011010001111011101001111010111100001111111
8335447 0100100000100011010111011001101111010010001110101100101111110011111001011110110111110101011100100110111011100101101001100100011011001001110011000000010010101001100111001001110101101101001001111100110000011010000111011011101100110010100010000111111100111010
7541298 0111111111000011010110110111101111110000011010011110110111111001010011101001110111111000001101010110011011111111100010100011110100101110011010101101110100000001100000111111111110111111011101111110110001111110111100000110110011101110010110101000011001101010
2626115 0010100000001000101001001100000000010000000011000100011000010011000001000100101000100010011100101000000001100001000110100110001001010001100001000001000010111001000111001001100001010001000101100011110110100100000001101111100000011100100000000010001010000101
4247769 0001110100000000010010010100100000001100000001101000100000010000101011010000010000100011000101101000000101110000011110001010000001011001001000110001000000001000000101001000000001001010001000100000010001000111101001000110000110010000101011010100000000100001
